16 30 121 143 96 208 208
7 16 141 121 143 208 208
7 16 86 141 121 208 208
13 40 71 130 129 208 208
12 40 71 130 140 208 208
9 18 173 131 114 208 208
44 30 95 133 94 208 208
15 29 135 81 94 208 208
15 29 135 79 81 208 208
43 30 153 208 208 208 208
43 30 153  208 208 208 208
11 153 136 127 88 208 208
43 50 153 208 208 208 208
43 50 153 208 208 208 208
10 45 121 128 84 208 208
33 30 84 144 112 208 208
0 28 84 144 112 208 208
18 0 165 145 84 208 208
33 30 150 151 71 208 208
15 33 64 150 71 208 208
34 33 166 80 84 208 208
0 34 166 85 84 208 208
21 50 121 89 63 208 208
2 21 15 123 122 65 208
33 48 162 111 78 208 208
46 47 162 109 146 208 208
13 51 100 71 167 208 208
20 51 74 125 99 208 208
15 50 121 151 89 208 208
15 50 121 89 71 208 208
10 15 75 122 74 208 208
34 50 121 151 148 208 208
10 50 121 148 71 208 208
10 1 122 69 74 208 208
17 24 118 151 115 208 208
24 54 118 195 136 117 208
40 33 70 151 129 208 208
9 23 173 83 141 97 208
17 23 117 171 115 208 208
17 23 64 119 117 81 208
15 33 144 89 147 208 208
15 28 105 144 89 208 208
7 21 121 118 96 208 208
7 21 86 121 118 208 208
7 21 86 141 118 208 208
43 13 128 96 120 208 208
32 53 141 128 120 208 208
11 43 127 89 73 208 208
11 45 136 88 169 208 208
27 13 126 71 99 208 208
27 31 75 74 126 208 208
13 15 180 65 90 208 208
13 23 180 119 101 208 208
29 24 72 95 73 208 208
11 29 135 136 81 208 208
13 37 72 146 93 208 208
6 35 158 93 90 208 208
40 15 70 68 151 208 208
12 25 131 162 179 208 208
44 51 91 151 126 208 208
44 51 91 126 133 208 208
19 44 135 159 76 208 208
24 54 105 97 127 208 208
11 49 105 117 73 208 208
11 49 176 160 105 140 208
19 37 72 146 93 208  208
37 35 159 92 146 208 208
6 42 158 159 172 100 208
16 21 121 143 63 208 208
21 55 121 143 96 208 208
7 21 141 121 142 208 208
44 50 91 133 156 208 208
10 21 135 82 122 208 208
5 30 100 99 71 208 208
5 27 75 168 71 208 208
5 27 75 74 168 208 208
40 30 149 68 129 208 208
9 35 131 83 85 208 208
11 29 136 97 133 208 208
11 29 136 81 133 208 208
47 48 111 78 106 208 208
47 54 163 79 106 208 208
18 53 142 84 144 208 208
34 33 165 80 84 208 208
0 23 165 80 84 208 208
36 38 95 161 138 208 208
1 22 82 161 133 208 208
10 27 121 66 126 208 208
10 45 123 122 65 109 208
30 38 91 133 138 208 208
22 38 135 164 161 208 208
36 56 121 170 65 208 208
8 56 121 103 65 208 208
52 121 160 105 208 208 208
5 30 75 172 167 208 208
11 17 136 97 73 208 208
11 24 136 160 176 208 208
44 51 91 133 67 208 208
44 20 128 133 67 31 208
47 30 111 78 171 208 208
46 47 64 111 78 208 208
11 55 136 96 98 208 208
26 55 141 136 96 208 208
27 19 124 125 71 208 208
27 19 74 124 71 208 208
19 35 158 75 93 208 208
6 42 158 76 109 140 208
24 36 64 149 143 208 208
30 45 121 66 65 208 208
30 45 121 65 105 111 208
27 19 149 125 148 208 208
27 19 75 74 181 208 208
17 24 64 136 117 208 208
16 45 141 174 121 208 208
27 35 74 178 179 208 208
29 44 79 91 113 208 208
14 29 135 113 161 208 208
34 51 95 133 148 208 208
3 34 69 81 133 208 208
29 30 91 101 147 208 208
29 39 135 136 110 101 81
11 24 136 105 73 208 208
18 53 128 84 90 208 208
11 22 160 164 97 116 208
35 48 110 111 109 208 208
40 37 131 70 140 208 208
43 19 158 128 67 208 208
30 24 74 107 148 208 208
62 153 208 208 208 208 208
3 15 135 178 179 208 208
22 29 82 135 181 208 208
61 153 208 208 208 208 208
33 30 147 71 208 208 208
29 135 95 133 208 208 208
46 48 110 111 78 208 208
9 40 173 131 70 208 208
39 54 64 163 141 208 208
29 51 168 91 98 208 208
29 51 135 168 98 208 208
13 51 99 98 94 208 208
3 19 51 75 133 98 208
0 15 64 100 107 98 208
24 36 64 74 172 178 208
22 82 81 138 208 208 208
54 110 163 111 208 208 208
9 173 131 83 208 208 208
14 1 95 156 112 208 208
14 1 113 95 156 208 208
2 0 145 64 178 208 208
11 49 136 160 111 70 81
0 2 3 8 10 17 19 22 25 32 41 45 46 54 75 136 82 110 160 173 64 181 79 141 174 162 111 100 114 97 117 81 65 171 175 125 93 98 129 208
